# estado_pelicula muestra_original distancia_centros_A
1 200 23.08
2 59 24.22
3 162 24.36
4 181 24.69
5 118 24.73
6 177 24.74
7 38 24.87
8 208 24.96
9 142 25.05
10 47 25.06
11 40 25.09
12 27 25.11
13 2 25.11
14 246 25.13
15 188 25.14
16 58 25.17
17 60 25.19
18 36 25.20
19 173 25.20
20 68 25.22
21 65 25.36
22 14 25.42
23 69 25.44
24 23 25.47
25 175 25.50
26 64 25.58
27 79 25.58
28 225 25.62
29 220 25.63
30 46 25.67
31 122 25.69
32 155 25.73
33 6 25.76
34 204 25.95
35 215 25.99
36 189 26.01
37 16 26.03
38 154 26.04
39 43 26.06
40 124 26.08
41 135 26.09
42 243 26.09
43 145 26.11
44 216 26.13
45 131 26.13
46 180 26.20
47 232 26.21
48 234 26.22
49 63 26.23
50 22 26.23
51 57 26.29
52 230 26.30
53 185 26.32
54 29 26.32
55 237 26.35
56 110 26.37
57 67 26.37
58 206 26.38
59 213 26.42
60 119 26.43
61 82 26.44
62 81 26.47
63 84 26.48
64 166 26.48
65 5 26.48
66 152 26.49
67 37 26.50
68 187 26.54
69 95 26.54
70 174 26.55
71 45 26.56
72 94 26.57
73 62 26.61
74 139 26.62
75 198 26.65
76 83 26.69
77 132 26.70
78 114 26.70
79 211 26.76
80 74 26.76
81 113 26.79
82 129 26.80
83 158 26.80
84 134 26.82
85 241 26.85
86 130 26.85
87 176 26.85
88 76 26.86
89 71 26.90
90 163 26.90
91 32 26.91
92 197 26.93
93 12 26.94
94 26 26.95
95 167 27.01
96 128 27.03
97 34 27.07
98 127 27.09
99 192 27.13
100 72 27.17
101 136 27.18
102 126 27.27
103 25 27.27
104 41 27.29
105 148 27.40
106 100 27.40
107 31 27.41
108 144 27.44
109 159 27.44
110 156 27.45
111 15 27.46
112 199 27.52
113 70 27.53
114 196 27.54
115 179 27.54
116 123 27.56
117 86 27.57
118 109 27.61
119 193 27.63
120 66 27.66
121 186 27.66
122 73 27.67
123 93 27.73
124 178 27.74
125 10 27.74
126 153 27.77
127 120 27.77
128 137 27.78
129 219 27.79
130 125 27.81
131 222 27.84
132 3 27.84
133 42 27.84
134 244 27.86
135 54 27.89
136 49 27.90
137 50 27.92
138 87 27.94
139 240 27.94
140 212 27.98
141 51 27.98
142 223 27.99
143 194 28.00
144 11 28.07
145 236 28.09
146 97 28.14
147 164 28.16
148 33 28.16
149 53 28.22
150 205 28.22
151 18 28.25
152 168 28.28
153 1 28.29
154 218 28.30
155 80 28.31
156 89 28.35
157 150 28.36
158 171 28.38
159 78 28.41
160 160 28.42
161 214 28.45
162 183 28.45
163 44 28.46
164 85 28.48
165 107 28.50
166 116 28.55
167 157 28.56
168 92 28.56
169 39 28.57
170 138 28.59
171 229 28.59
172 111 28.60
173 239 28.67
174 227 28.73
175 96 28.74
176 91 28.79
177 61 28.81
178 238 28.82
179 88 28.82
180 30 28.85
181 147 28.92
182 56 28.95
183 235 28.99
184 195 28.99
185 191 29.00
186 172 29.05
187 7 29.11
188 20 29.11
189 103 29.13
190 170 29.21
191 19 29.24
192 184 29.24
193 98 29.25
194 121 29.28
195 151 29.29
196 117 29.31
197 217 29.33
198 169 29.36
199 209 29.41
200 75 29.43
201 55 29.44
202 35 29.51
203 133 29.52
204 8 29.53
205 90 29.55
206 190 29.57
207 13 29.57
208 201 29.68
209 21 29.80
210 77 29.81
211 161 29.82
212 245 29.93
213 203 29.94
214 146 29.96
215 226 30.00
216 242 30.11
217 104 30.48
218 228 30.52
219 202 30.54
220 48 30.57
221 28 30.58
222 141 30.68
223 207 30.70
224 105 30.71
225 165 30.72
226 182 30.73
227 112 30.83
228 140 30.88
229 24 31.22
230 231 31.27
231 4 31.27
232 233 31.35
233 143 31.48
234 210 31.62
235 149 31.62
236 115 31.82
237 102 32.22
238 99 32.34
239 9 32.46
240 52 32.50
241 106 32.71
242 108 32.99
243 17 34.09
244 224 34.16
245 221 34.85
246 101 36.22
