# muestra conformacion dist_lobulos_A desplaz_CheY_A FNC_LBP FNC_CheY
1 3 28.26 13.02 0.974 0.996
2 1 25.07 9.30 0.977 0.996
3 2 27.78 5.07 0.992 0.998
4 1 31.24 4.75 0.972 0.996
5 3 26.44 13.63 0.984 0.996
6 3 25.73 15.39 0.974 0.991
7 2 29.08 10.07 0.989 0.997
8 1 29.53 5.02 0.979 0.997
9 2 32.39 8.00 0.969 0.964
10 2 27.68 8.63 0.988 0.998
11 1 28.02 3.37 0.992 0.996
12 1 26.90 4.68 0.991 0.998
13 1 29.54 6.31 0.986 0.998
14 1 25.36 7.83 0.987 0.992
15 3 27.42 11.62 0.988 0.998
16 1 25.98 3.70 0.989 0.996
17 2 34.04 15.59 0.977 0.891
18 1 28.21 4.39 0.990 0.997
19 1 29.20 10.87 0.948 0.992
20 2 29.07 5.65 0.988 0.990
21 2 29.75 6.31 0.991 0.993
22 1 26.19 3.53 0.989 0.997
23 1 25.40 5.37 0.981 0.997
24 2 31.18 9.02 0.980 0.992
25 1 27.25 4.86 0.977 0.999
26 1 26.92 4.27 0.990 0.995
27 1 25.02 8.63 0.985 0.992
28 1 30.55 8.19 0.975 0.970
29 1 26.29 7.95 0.981 0.997
30 2 28.83 9.68 0.986 0.967
31 2 27.36 7.98 0.992 0.995
32 2 26.86 6.29 0.995 0.990
33 1 28.14 3.43 0.989 0.998
34 1 27.02 6.38 0.992 0.991
35 1 29.48 7.49 0.976 0.998
36 1 25.12 6.56 0.981 0.998
37 2 26.45 9.95 0.988 0.979
38 1 24.82 9.38 0.975 0.877
39 3 28.48 38.69 0.758 0.998
40 1 25.03 5.50 0.992 0.997
41 3 27.24 8.83 0.988 0.998
42 2 27.81 11.62 0.989 0.992
43 1 26.01 4.52 0.982 0.996
44 2 28.38 11.26 0.980 0.980
45 1 26.53 6.57 0.986 0.998
46 1 25.63 4.16 0.990 0.991
47 1 24.99 5.38 0.988 0.998
48 1 30.53 5.22 0.988 0.996
49 1 27.84 9.42 0.960 0.979
50 1 27.88 2.87 0.989 0.997
51 3 27.94 15.46 0.958 0.999
52 2 32.45 10.13 0.988 0.948
53 1 28.19 3.41 0.975 0.855
54 1 27.85 2.82 0.989 0.996
55 3 29.39 15.96 0.980 0.986
56 1 28.91 5.93 0.970 0.998
57 1 26.26 5.99 0.984 0.998
58 1 25.13 5.09 0.995 0.998
59 1 24.19 8.96 0.978 0.994
60 1 25.15 8.28 0.980 0.990
61 2 28.78 4.02 0.948 0.984
62 3 26.59 11.46 0.963 0.995
63 1 26.16 5.05 0.988 0.998
64 1 25.51 4.48 0.987 0.993
65 1 25.36 6.73 0.982 0.984
66 1 27.60 5.38 0.987 0.997
67 1 26.32 5.32 0.977 0.999
68 1 25.18 8.43 0.975 0.980
69 1 25.41 8.37 0.978 0.994
70 1 27.47 2.66 0.988 0.997
71 3 26.85 13.04 0.981 0.998
72 1 27.14 7.67 0.989 0.996
73 1 27.64 2.92 0.984 0.997
74 1 26.74 2.76 0.972 0.993
75 1 29.37 2.39 0.985 0.998
76 1 26.80 5.18 0.986 0.999
77 3 29.75 14.84 0.964 0.994
78 1 28.38 1.42 0.986 0.997
79 1 25.52 8.17 0.977 0.993
80 1 28.29 3.37 0.967 0.998
81 3 26.44 9.51 0.966 0.989
82 1 26.40 4.61 0.987 0.998
83 1 26.64 5.63 0.989 0.997
84 1 26.46 8.11 0.986 0.999
85 2 28.44 8.23 0.985 0.986
86 1 27.54 3.28 0.992 0.997
87 1 27.91 2.55 0.988 0.993
88 1 28.82 8.88 0.959 0.961
89 1 28.35 3.17 0.988 0.996
90 1 29.55 4.57 0.974 0.996
91 1 28.76 2.03 0.989 0.998
92 1 28.50 6.04 0.990 0.984
93 1 27.70 3.14 0.992 0.998
94 1 26.50 3.45 0.990 0.993
95 1 26.53 3.99 0.991 0.995
96 1 28.69 2.20 0.991 0.998
97 1 28.10 7.05 0.966 0.998
98 1 29.20 7.05 0.989 0.997
99 2 32.34 9.55 0.982 0.952
100 1 27.37 10.04 0.960 0.998
101 3 36.17 29.92 0.970 0.992
102 1 32.19 7.03 0.975 0.983
103 2 29.07 8.42 0.968 0.981
104 2 30.46 5.94 0.972 0.992
105 2 30.69 17.01 0.967 0.880
106 1 32.68 10.23 0.989 0.997
107 1 28.44 4.87 0.983 0.994
108 2 32.97 14.19 0.968 0.989
109 1 27.56 3.36 0.981 0.998
110 1 26.37 4.28 0.991 0.998
111 1 28.56 10.54 0.972 0.989
112 2 30.78 15.24 0.989 0.958
113 1 26.71 4.02 0.988 0.991
114 1 26.65 4.56 0.971 0.999
115 2 31.79 8.08 0.985 0.977
116 1 28.51 6.14 0.973 0.997
117 1 29.27 6.79 0.981 0.997
118 1 24.68 6.58 0.982 0.997
119 1 26.37 4.85 0.989 0.998
120 1 27.71 3.86 0.980 0.993
121 3 29.21 11.99 0.973 0.996
122 2 25.62 18.68 0.924 0.996
123 2 27.48 13.44 0.987 0.908
124 1 26.01 4.70 0.964 0.955
125 3 27.79 17.73 0.980 0.994
126 1 27.23 6.11 0.991 0.996
127 1 27.06 2.68 0.978 0.995
128 1 27.01 4.82 0.988 0.987
129 1 26.77 3.92 0.991 0.997
130 1 26.78 3.45 0.982 0.998
131 1 26.10 3.63 0.989 0.996
132 1 26.67 3.41 0.977 0.994
133 1 29.49 4.38 0.981 0.993
134 2 26.79 8.17 0.979 0.996
135 1 26.04 3.55 0.978 0.995
136 1 27.14 2.08 0.987 0.997
137 1 27.74 2.77 0.984 0.998
138 2 28.57 4.07 0.991 0.996
139 1 26.57 4.01 0.984 0.994
140 2 30.84 20.02 0.943 0.993
141 2 30.65 32.88 0.953 0.989
142 2 25.02 8.94 0.961 0.992
143 1 31.48 6.28 0.982 0.993
144 1 27.40 3.79 0.992 0.998
145 1 26.07 3.60 0.991 0.996
146 1 29.93 5.86 0.981 0.907
147 1 28.88 2.78 0.989 0.990
148 1 27.38 3.36 0.990 0.998
149 2 31.59 8.79 0.983 0.995
150 1 28.32 4.11 0.988 0.998
151 1 29.26 2.52 0.990 0.993
152 1 26.47 4.22 0.990 0.994
153 1 27.72 3.75 0.987 0.993
154 1 26.01 6.46 0.984 0.997
155 1 25.67 6.37 0.988 0.997
156 2 27.43 7.51 0.989 0.990
157 2 28.51 7.36 0.965 0.997
158 1 26.75 3.49 0.988 0.997
159 1 27.40 4.14 0.988 0.996
160 1 28.38 4.98 0.984 0.997
161 1 29.78 6.32 0.970 0.945
162 1 24.33 7.54 0.984 0.996
163 1 26.84 4.66 0.992 0.990
164 1 28.15 6.33 0.983 0.998
165 2 30.68 11.93 0.904 0.999
166 3 26.39 20.28 0.978 0.994
167 1 26.98 2.94 0.987 0.996
168 1 28.25 6.36 0.970 0.996
169 3 29.33 12.58 0.978 0.998
170 1 29.20 2.58 0.989 0.996
171 1 28.33 1.97 0.993 0.998
172 2 29.03 10.19 0.990 0.997
173 1 25.13 4.96 0.990 0.996
174 2 26.51 16.57 0.991 0.997
175 1 25.47 4.84 0.981 0.997
176 1 26.80 3.27 0.988 0.999
177 1 24.65 9.95 0.976 0.993
178 1 27.68 10.78 0.983 0.996
179 1 27.52 2.54 0.986 0.996
180 1 26.14 6.02 0.987 0.996
181 1 24.64 5.41 0.987 0.996
182 2 30.68 12.61 0.987 0.993
183 1 28.39 4.02 0.982 0.998
184 1 29.21 4.94 0.984 0.998
185 1 26.29 3.49 0.990 0.996
186 1 27.62 2.98 0.987 0.992
187 1 26.46 4.57 0.991 0.982
188 1 25.14 5.14 0.990 0.997
189 1 25.97 4.43 0.990 0.997
190 1 29.52 6.37 0.986 0.998
191 2 28.96 4.42 0.989 0.998
192 1 27.09 2.31 0.983 0.988
193 2 27.58 5.17 0.993 0.999
194 1 27.96 4.05 0.978 0.998
195 2 28.95 15.05 0.979 0.997
196 1 27.49 7.56 0.961 0.996
197 1 26.88 3.63 0.983 0.997
198 1 26.62 2.56 0.988 0.998
199 1 27.48 1.99 0.990 0.998
200 1 22.95 9.86 0.966 0.951
201 3 29.66 12.48 0.977 0.979
202 1 30.51 7.15 0.974 0.997
203 1 29.89 4.62 0.991 0.997
204 1 25.94 6.17 0.982 0.986
205 2 28.15 17.85 0.969 0.996
206 1 26.33 3.08 0.977 0.998
207 2 30.68 8.40 0.984 0.998
208 2 24.93 7.80 0.972 0.989
209 1 29.38 3.59 0.993 0.998
210 2 31.56 13.37 0.949 0.990
211 1 26.71 4.59 0.971 0.998
212 1 27.97 1.23 0.994 0.998
213 1 26.38 9.40 0.944 0.997
214 2 28.40 6.33 0.988 0.998
215 1 25.95 5.49 0.984 0.995
216 1 26.10 4.37 0.989 0.995
217 2 29.30 9.96 0.976 0.991
218 1 28.25 4.88 0.983 0.996
219 1 27.74 2.86 0.988 0.996
220 1 25.57 9.42 0.992 0.998
221 2 34.79 23.81 0.960 0.987
222 1 27.81 2.98 0.993 0.998
223 3 27.97 12.22 0.978 0.993
224 1 34.14 8.43 0.982 0.992
225 1 25.56 4.85 0.985 0.998
226 2 29.94 7.10 0.987 0.991
227 1 28.70 3.11 0.981 0.996
228 1 30.48 5.37 0.989 0.974
229 1 28.55 2.82 0.981 0.993
230 1 26.27 4.26 0.985 0.997
231 1 31.26 5.47 0.949 0.998
232 1 26.18 3.48 0.994 0.991
233 1 31.31 4.88 0.989 0.992
234 1 26.16 6.22 0.980 0.997
235 1 28.93 3.22 0.992 0.998
236 1 28.05 4.87 0.989 0.997
237 1 26.33 4.46 0.989 0.992
238 3 28.78 13.45 0.957 0.939
239 1 28.60 10.61 0.991 0.988
240 2 27.92 4.81 0.977 0.995
241 1 26.84 2.99 0.993 0.998
242 2 30.07 9.22 0.991 0.994
243 2 26.05 11.55 0.994 0.990
244 1 27.83 3.01 0.990 0.995
245 2 29.90 6.23 0.989 0.995
246 2 25.07 10.80 0.969 0.990
